3.62  -1.95
3.62  -1.95
4.12  -2.46
4.84  -2.18
5.55  -1.01
6.31  -0.12
6.56  0.39
5.94  0.65
5.34  0.78
4.74  0.75
4.14  0.75
3.52  0.75
2.92  0.75
2.32  0.75
1.69  0.75
1.07  0.75
0.47  0.75
-0.13  0.75
-0.73  0.75
-1.33  0.75
-1.96  0.75
-2.56  0.71
-3.16  0.36
-3.75  -0.25
-4.07  -0.86
-4.13  -1.46
-4.14  -2.06
-4.14  -2.66
-4.14  -3.28
-4.14  -3.88
-4.14  -4.48
-4.12  -5.08
-4.11  -5.68
-4.12  -6.28
-4.14  -6.88
-4.14  -7.48
-4.14  -8.08
-4.14  -8.68
-4.12  -9.28
-4.13  -9.88
-4.15  -10.48
-4.11  -11.08
-4.1  -11.68