4.06  -1.78
4.14  -1.86
5  -1.93
5.99  -1.28
6.92  -0.54
7.72  0.08
8.3  -0.38
8.91  -0.17
9.52  -0.03
10.13  0.18
10.75  0.23
11.35  0.38
11.96  0.52
12.56  0.74
13.13  1.34
13.55  1.95
13.63  2.56
13.62  3.16
13.61  3.78
13.6  4.38
13.6  4.98
13.6  5.58
13.6  6.18
13.6  6.78
13.6  7.38
13.6  7.98
13.6  8.58
13.6  9.18
13.6  9.78
13.6  10.38
13.6  10.98
13.6  11.58
13.6  12.18
13.6  12.78
13.6  13.38
13.6  13.98
13.6  14.58
13.6  15.18
13.6  15.78
13.61  16.38
13.64  16.98
13.72  17.6
13.86  18.21